id,link,name,color,Fit,Composition,Art. No.,Size,More sustainable materials,Product safety,description,price
0690449001,https://www2.hm.com/en_us/productpage.0690449001.html,Skinny Jeans,Light denim blue/trashed,Skinny fit,"Cotton 99%, Elastane 1%",0690449001,,,,"5-pocket jeans in washed stretch denim with heavily distressed details. Regular waist, zip fly with button, and skinny legs.",$39.99
0690449002,https://www2.hm.com/en_us/productpage.0690449002.html,Skinny Jeans,Denim blue,Skinny fit,"Cotton 98%, Elastane 2%",0690449002,,,,"5-pocket jeans in washed stretch denim with heavily distressed details. Regular waist, zip fly with button, and skinny legs.",$39.99
0690449006,https://www2.hm.com/en_us/productpage.0690449006.html,Skinny Jeans,Black/washed,Skinny fit,Lining: Cotton 100%,0690449006,,,,"5-pocket jeans in washed stretch denim with heavily distressed details. Regular waist, zip fly with button, and skinny legs.",$39.99
0690449007,https://www2.hm.com/en_us/productpage.0690449007.html,Skinny Jeans,Light denim blue,Skinny fit,"Cotton 98%, Elastane 2%",0690449007,,,,"5-pocket jeans in washed stretch denim with heavily distressed details. Regular waist, zip fly with button, and skinny legs.",$39.99
0690449009,https://www2.hm.com/en_us/productpage.0690449009.html,Skinny Jeans,Black washed out,Skinny fit,"Cotton 99%, Elastane 1%",0690449009,,,,"5-pocket jeans in washed stretch denim with heavily distressed details. Regular waist, zip fly with button, and skinny legs.",$39.99
0690449011,https://www2.hm.com/en_us/productpage.0690449011.html,Skinny Jeans,White,Skinny fit,"Cotton 99%, Elastane 1%",0690449011,,,,"5-pocket jeans in washed stretch denim with heavily distressed details. Regular waist, zip fly with button, and skinny legs.",$39.99
0690449013,https://www2.hm.com/en_us/productpage.0690449013.html,Skinny Jeans,Black/washed,Skinny fit,"Cotton 98%, Elastane 2%",0690449013,,,,"5-pocket jeans in washed stretch denim with heavily distressed details. Regular waist, zip fly with button, and skinny legs.",$39.99
0690449021,https://www2.hm.com/en_us/productpage.0690449021.html,Skinny Jeans,Dark denim blue/trashed,Skinny fit,Lining: Polyester 100%,0690449021,,,,"5-pocket jeans in washed stretch denim with heavily distressed details. Regular waist, zip fly with button, and skinny legs.",$39.99
0690449022,https://www2.hm.com/en_us/productpage.0690449022.html,Skinny Jeans,Black/trashed,Skinny fit,Lining: Polyester 100%,0690449022,"The model is 184cm/6'0"" and wears a size 31/32",,,"5-pocket jeans in washed stretch denim with heavily distressed details. Regular waist, zip fly with button, and skinny legs.",$39.99
0690449024,https://www2.hm.com/en_us/productpage.0690449024.html,Skinny Jeans,Dark blue/Trashed,Skinny fit,Lining: Polyester 100%,0690449024,,,,"5-pocket jeans in washed stretch denim with heavily distressed details. Regular waist, zip fly with button, and skinny legs.",$39.99
0690449028,https://www2.hm.com/en_us/productpage.0690449028.html,Skinny Jeans,Dark blue/washed out,Skinny fit,"Cotton 98%, Elastane 2%",0690449028,,,,"5-pocket jeans in washed stretch denim with heavily distressed details. Regular waist, zip fly with button, and skinny legs.",$39.99
0690449035,https://www2.hm.com/en_us/productpage.0690449035.html,Skinny Jeans,Denim blue/trashed,Skinny fit,"Cotton 98%, Elastane 2%",0690449035,,,,"5-pocket jeans in washed stretch denim with heavily distressed details. Regular waist, zip fly with button, and skinny legs.",$39.99
0690449036,https://www2.hm.com/en_us/productpage.0690449036.html,Skinny Jeans,Black,Skinny fit,"Cotton 98%, Elastane 2%",0690449036,,,,"5-pocket jeans in washed stretch denim with heavily distressed details. Regular waist, zip fly with button, and skinny legs.",$39.99
0690449040,https://www2.hm.com/en_us/productpage.0690449040.html,Skinny Jeans,Denim gray,Skinny fit,"Cotton 98%, Elastane 2%",0690449040,,,,"5-pocket jeans in washed stretch denim with heavily distressed details. Regular waist, zip fly with button, and skinny legs.",$39.99
0690449043,https://www2.hm.com/en_us/productpage.0690449043.html,Skinny Jeans,Light denim blue/trashed,Skinny fit,"Cotton 98%, Elastane 2%",0690449043,"The model is 187cm/6'2"" and wears a size 32/32",,,"5-pocket jeans in washed stretch denim with heavily distressed details. Regular waist, zip fly with button, and skinny legs.",$39.99
0690449046,https://www2.hm.com/en_us/productpage.0690449046.html,Skinny Jeans,Light denim gray/Trashed,Skinny fit,"Cotton 98%, Elastane 2%",0690449046,,,,"5-pocket jeans in washed stretch denim with heavily distressed details. Regular waist, zip fly with button, and skinny legs.",$39.99
0690449051,https://www2.hm.com/en_us/productpage.0690449051.html,Skinny Jeans,Gray,Skinny fit,"Cotton 98%, Elastane 2%",0690449051,,Recycled cotton 20%,,"5-pocket jeans in washed stretch denim with heavily distressed details. Regular waist, zip fly with button, and skinny legs.",$39.99
1004476001,https://www2.hm.com/en_us/productpage.1004476001.html,Freefit® Slim Jeans,Light denim blue,Slim fit,"Cotton 90%, Elasterell-P 8%, Elastane 2%",1004476001,"The model is 182cm/6'0"" and wears a size 31/32",,,"5-pocket denim jeans with a regular waist, zip fly with button, and slim legs. Made with Lycra® Freefit® technology for soft, super-generous stretch, maximum freedom of movement, and optimal comfort.",$49.99
1004476002,https://www2.hm.com/en_us/productpage.1004476002.html,Freefit® Slim Jeans,Light denim blue,Slim fit,"Cotton 90%, Elasterell-P 8%, Elastane 2%",1004476002,,,,"5-pocket denim jeans with a regular waist, zip fly with button, and slim legs. Made with Lycra® Freefit® technology for soft, super-generous stretch, maximum freedom of movement, and optimal comfort.",$49.99
1004476003,https://www2.hm.com/en_us/productpage.1004476003.html,Freefit® Slim Jeans,Denim blue,Slim fit,"Cotton 90%, Elasterell-P 8%, Elastane 2%",1004476003,,,,"5-pocket denim jeans with a regular waist, zip fly with button, and slim legs. Made with Lycra® Freefit® technology for soft, super-generous stretch, maximum freedom of movement, and optimal comfort.",$49.99
1004476005,https://www2.hm.com/en_us/productpage.1004476005.html,Freefit® Slim Jeans,Black/No fade black,Slim fit,"Cotton 90%, Elasterell-P 8%, Elastane 2%",1004476005,"The model is 182cm/6'0"" and wears a size 31/32",,,"5-pocket denim jeans with a regular waist, zip fly with button, and slim legs. Made with Lycra® Freefit® technology for soft, super-generous stretch, maximum freedom of movement, and optimal comfort.",$49.99
1004476004,https://www2.hm.com/en_us/productpage.1004476004.html,Freefit® Slim Jeans,Dark denim blue,Slim fit,"Cotton 90%, Elasterell-P 8%, Elastane 2%",1004476004,"The model is 182cm/6'0"" and wears a size 31/32",,,"5-pocket denim jeans with a regular waist, zip fly with button, and slim legs. Made with Lycra® Freefit® technology for soft, super-generous stretch, maximum freedom of movement, and optimal comfort.",$49.99
0985197001,https://www2.hm.com/en_us/productpage.0985197001.html,Slim Jeans,Black,Slim fit,Pocket lining: Cotton 100%,0985197001,"The model is 189cm/6'2"" and wears a size 32/32",,,"5-pocket jeans in stretch cotton denim. Regular waist, zip fly with button, and slim legs.",$19.99
0985197002,https://www2.hm.com/en_us/productpage.0985197002.html,Slim Jeans,Midnight blue,Slim fit,"Shell: Cotton 99%, Elastane 1%",0985197002,"The model is 182cm/6'0"" and wears a size 31/32",Recycled cotton 20%,,"5-pocket jeans in stretch cotton denim. Regular waist, zip fly with button, and slim legs.",$19.99
0985197003,https://www2.hm.com/en_us/productpage.0985197003.html,Slim Jeans,Denim blue,Slim fit,"Pocket lining: Polyester 65%, Cotton 35%",0985197003,"The model is 182cm/6'0"" and wears a size 31/32",Recycled cotton 20%,,"5-pocket jeans in stretch cotton denim. Regular waist, zip fly with button, and slim legs.",$19.99
0985197004,https://www2.hm.com/en_us/productpage.0985197004.html,Slim Jeans,Dark denim blue,Slim fit,Pocket lining: Cotton 100%,0985197004,,,,"5-pocket jeans in stretch cotton denim. Regular waist, zip fly with button, and slim legs.",$19.99
0985197006,https://www2.hm.com/en_us/productpage.0985197006.html,Slim Jeans,Light denim blue,Slim fit,"Pocket lining: Polyester 65%, Cotton 35%",0985197006,"The model is 187cm/6'2"" and wears a size 31/32",,,"5-pocket jeans in stretch cotton denim. Regular waist, zip fly with button, and slim legs.",$19.99
0985197007,https://www2.hm.com/en_us/productpage.0985197007.html,Slim Jeans,Dark gray,Slim fit,"Pocket lining: Polyester 65%, Cotton 35%",0985197007,"The model is 187cm/6'2"" and wears a size 31/32",Recycled cotton 20%,,"5-pocket jeans in stretch cotton denim. Regular waist, zip fly with button, and slim legs.",$19.99
0985197005,https://www2.hm.com/en_us/productpage.0985197005.html,Slim Jeans,Dark denim blue,Slim fit,"Shell: Cotton 99%, Elastane 1%",0985197005,,Recycled cotton 20%,,"5-pocket jeans in stretch cotton denim. Regular waist, zip fly with button, and slim legs.",$19.99
0938875001,https://www2.hm.com/en_us/productpage.0938875001.html,Slim Tapered Jeans,Light denim blue,Slim fit,Pocket lining: Cotton 100%,0938875001,"The model is 187cm/6'2"" and wears a size 31/30",Recycled cotton 20%,,"5-pocket jeans in washed cotton denim with heavily distressed details. Regular waist, zip fly with button, and slim, gently tapered legs. Made partly from recycled cotton.",$39.99
0938875002,https://www2.hm.com/en_us/productpage.0938875002.html,Slim Tapered Jeans,White,Slim fit,"Cotton 99%, Elastane 1%",0938875002,,Recycled cotton 20%,,"5-pocket jeans in washed cotton denim with heavily distressed details. Regular waist, zip fly with button, and slim, gently tapered legs. Made partly from recycled cotton.",$39.99
0938875004,https://www2.hm.com/en_us/productpage.0938875004.html,Slim Tapered Jeans,Dark gray,Slim fit,"Cotton 99%, Elastane 1%",0938875004,,Recycled cotton 20%,,"5-pocket jeans in washed cotton denim with heavily distressed details. Regular waist, zip fly with button, and slim, gently tapered legs. Made partly from recycled cotton.",$39.99
0938875008,https://www2.hm.com/en_us/productpage.0938875008.html,Slim Tapered Jeans,Denim blue,Slim fit,Pocket lining: Cotton 100%,0938875008,"The model is 187cm/6'2"" and wears a size 31/32",Recycled cotton 20%,,"5-pocket jeans in washed cotton denim with heavily distressed details. Regular waist, zip fly with button, and slim, gently tapered legs. Made partly from recycled cotton.",$39.99
0938875007,https://www2.hm.com/en_us/productpage.0938875007.html,Slim Tapered Jeans,Black,Slim fit,Pocket lining: Cotton 100%,0938875007,"The model is 188cm/6'2"" and wears a size 31/32",,,"5-pocket jeans in washed cotton denim with heavily distressed details. Regular waist, zip fly with button, and slim, gently tapered legs. Made partly from recycled cotton.",$39.99
1013317001,https://www2.hm.com/en_us/productpage.1013317001.html,Hybrid Regular Tapered Joggers,Light denim blue,Regular fit,"Cotton 77%, Polyester 21%, Elastane 2%",1013317001,,Recycled polyester 21%,,"5-pocket joggers in stretch denim. Regular waist, waistband with drawstring and covered elastic, and zip fly with button. Gently tapered legs with good room for movement over thighs and knees. Covered elastic at hems. Made using Lycra® Hybrid Technology for exceptional softness and comfort without compromising the authentic denim look.",$39.99
1013317002,https://www2.hm.com/en_us/productpage.1013317002.html,Hybrid Regular Tapered Joggers,Denim blue,Regular fit,"Cotton 78%, Polyester 21%, Elastane 1%",1013317002,"The model is 189cm/6'2"" and wears a size L",Recycled cotton 19%,,"5-pocket joggers in stretch denim. Regular waist, waistband with drawstring and covered elastic, and zip fly with button. Gently tapered legs with good room for movement over thighs and knees. Covered elastic at hems. Made using Lycra® Hybrid Technology for exceptional softness and comfort without compromising the authentic denim look.",$39.99
1013317005,https://www2.hm.com/en_us/productpage.1013317005.html,Hybrid Regular Tapered Joggers,Dark gray,Regular fit,"Cotton 79%, Polyester 19%, Elastane 2%",1013317005,,Recycled cotton 20%,,"5-pocket joggers in stretch denim. Regular waist, waistband with drawstring and covered elastic, and zip fly with button. Gently tapered legs with good room for movement over thighs and knees. Covered elastic at hems. Made using Lycra® Hybrid Technology for exceptional softness and comfort without compromising the authentic denim look.",$39.99
1013317004,https://www2.hm.com/en_us/productpage.1013317004.html,Hybrid Regular Tapered Joggers,Black,Regular fit,"Cotton 78%, Polyester 21%, Elastane 1%",1013317004,,Recycled polyester 21%,,"5-pocket joggers in stretch denim. Regular waist, waistband with drawstring and covered elastic, and zip fly with button. Gently tapered legs with good room for movement over thighs and knees. Covered elastic at hems. Made using Lycra® Hybrid Technology for exceptional softness and comfort without compromising the authentic denim look.",$39.99
0811993001,https://www2.hm.com/en_us/productpage.0811993001.html,Regular Jeans,Black/washed out,Regular fit,"Cotton 98%, Elastane 2%",0811993001,,,"
			                        ""FOR CHILD’S SAFETY, GARMENT SHOULD FIT SNUGLY. THIS GARMENT IS NOT FLAME RESISTANT. LOOSE-FITTING GARMENT IS MORE LIKELY TO CATCH FIRE.""","5-pocket jeans in stretch denim. Regular waist, zip fly with button, and straight legs with good room for movement over thighs and knees.",$29.99
0811993002,https://www2.hm.com/en_us/productpage.0811993002.html,Regular Jeans,Denim blue,Regular fit,"Cotton 98%, Elastane 2%",0811993002,,,"
			                        ""FOR CHILD’S SAFETY, GARMENT SHOULD FIT SNUGLY. THIS GARMENT IS NOT FLAME RESISTANT. LOOSE-FITTING GARMENT IS MORE LIKELY TO CATCH FIRE.""","5-pocket jeans in stretch denim. Regular waist, zip fly with button, and straight legs with good room for movement over thighs and knees.",$29.99
0811993003,https://www2.hm.com/en_us/productpage.0811993003.html,Regular Jeans,Dark denim blue,Regular fit,"Cotton 98%, Elastane 2%",0811993003,,Recycled cotton 20%,"
			                        ""FOR CHILD’S SAFETY, GARMENT SHOULD FIT SNUGLY. THIS GARMENT IS NOT FLAME RESISTANT. LOOSE-FITTING GARMENT IS MORE LIKELY TO CATCH FIRE.""","5-pocket jeans in stretch denim. Regular waist, zip fly with button, and straight legs with good room for movement over thighs and knees.",$29.99
0811993006,https://www2.hm.com/en_us/productpage.0811993006.html,Regular Jeans,Graphite gray,Regular fit,"Cotton 98%, Elastane 2%",0811993006,,,"
			                        ""FOR CHILD’S SAFETY, GARMENT SHOULD FIT SNUGLY. THIS GARMENT IS NOT FLAME RESISTANT. LOOSE-FITTING GARMENT IS MORE LIKELY TO CATCH FIRE.""","5-pocket jeans in stretch denim. Regular waist, zip fly with button, and straight legs with good room for movement over thighs and knees.",$29.99
0811993007,https://www2.hm.com/en_us/productpage.0811993007.html,Regular Jeans,Light denim blue,Regular fit,"Cotton 98%, Elastane 2%",0811993007,,,"
			                        ""FOR CHILD’S SAFETY, GARMENT SHOULD FIT SNUGLY. THIS GARMENT IS NOT FLAME RESISTANT. LOOSE-FITTING GARMENT IS MORE LIKELY TO CATCH FIRE.""","5-pocket jeans in stretch denim. Regular waist, zip fly with button, and straight legs with good room for movement over thighs and knees.",$29.99
0811993021,https://www2.hm.com/en_us/productpage.0811993021.html,Regular Jeans,Black,Regular fit,"Cotton 98%, Elastane 2%",0811993021,,,"
			                        ""FOR CHILD’S SAFETY, GARMENT SHOULD FIT SNUGLY. THIS GARMENT IS NOT FLAME RESISTANT. LOOSE-FITTING GARMENT IS MORE LIKELY TO CATCH FIRE.""","5-pocket jeans in stretch denim. Regular waist, zip fly with button, and straight legs with good room for movement over thighs and knees.",$29.99
0811993022,https://www2.hm.com/en_us/productpage.0811993022.html,Regular Jeans,Cream,Regular fit,"Cotton 99%, Elastane 1%",0811993022,,,"
			                        ""FOR CHILD’S SAFETY, GARMENT SHOULD FIT SNUGLY. THIS GARMENT IS NOT FLAME RESISTANT. LOOSE-FITTING GARMENT IS MORE LIKELY TO CATCH FIRE.""","5-pocket jeans in stretch denim. Regular waist, zip fly with button, and straight legs with good room for movement over thighs and knees.",$29.99
0811993024,https://www2.hm.com/en_us/productpage.0811993024.html,Regular Jeans,Denim blue,Regular fit,"Shell: Cotton 99%, Elastane 1%",0811993024,,Recycled cotton 20%,"
			                        ""FOR CHILD’S SAFETY, GARMENT SHOULD FIT SNUGLY. THIS GARMENT IS NOT FLAME RESISTANT. LOOSE-FITTING GARMENT IS MORE LIKELY TO CATCH FIRE.""","5-pocket jeans in stretch denim. Regular waist, zip fly with button, and straight legs with good room for movement over thighs and knees.",$29.99
0811993025,https://www2.hm.com/en_us/productpage.0811993025.html,Regular Jeans,Light blue,Regular fit,Pocket lining: Cotton 100%,0811993025,,,"
			                        ""FOR CHILD’S SAFETY, GARMENT SHOULD FIT SNUGLY. THIS GARMENT IS NOT FLAME RESISTANT. LOOSE-FITTING GARMENT IS MORE LIKELY TO CATCH FIRE.""","5-pocket jeans in stretch denim. Regular waist, zip fly with button, and straight legs with good room for movement over thighs and knees.",$29.99
0811993031,https://www2.hm.com/en_us/productpage.0811993031.html,Regular Jeans,Dark denim blue,Regular fit,"Cotton 99%, Elastane 1%",0811993031,,Recycled cotton 20%,"
			                        ""FOR CHILD’S SAFETY, GARMENT SHOULD FIT SNUGLY. THIS GARMENT IS NOT FLAME RESISTANT. LOOSE-FITTING GARMENT IS MORE LIKELY TO CATCH FIRE.""","5-pocket jeans in stretch denim. Regular waist, zip fly with button, and straight legs with good room for movement over thighs and knees.",$29.99
0811993034,https://www2.hm.com/en_us/productpage.0811993034.html,Regular Jeans,Pale denim blue,Regular fit,"Cotton 99%, Elastane 1%",0811993034,"The model is 187cm/6'2"" and wears a size 31/32",Recycled cotton 20%,"
			                        ""FOR CHILD’S SAFETY, GARMENT SHOULD FIT SNUGLY. THIS GARMENT IS NOT FLAME RESISTANT. LOOSE-FITTING GARMENT IS MORE LIKELY TO CATCH FIRE.""","5-pocket jeans in stretch denim. Regular waist, zip fly with button, and straight legs with good room for movement over thighs and knees.",$29.99
0811993036,https://www2.hm.com/en_us/productpage.0811993036.html,Regular Jeans,Blue,Regular fit,"Cotton 99%, Elastane 1%",0811993036,"The model is 183cm/6'0"" and wears a size 31/32",Recycled cotton 20%,"
			                        ""FOR CHILD’S SAFETY, GARMENT SHOULD FIT SNUGLY. THIS GARMENT IS NOT FLAME RESISTANT. LOOSE-FITTING GARMENT IS MORE LIKELY TO CATCH FIRE.""","5-pocket jeans in stretch denim. Regular waist, zip fly with button, and straight legs with good room for movement over thighs and knees.",$29.99
0811993037,https://www2.hm.com/en_us/productpage.0811993037.html,Regular Jeans,Dark blue,Regular fit,"Cotton 99%, Elastane 1%",0811993037,"The model is 182cm/6'0"" and wears a size 31/32",Recycled cotton 20%,"
			                        ""FOR CHILD’S SAFETY, GARMENT SHOULD FIT SNUGLY. THIS GARMENT IS NOT FLAME RESISTANT. LOOSE-FITTING GARMENT IS MORE LIKELY TO CATCH FIRE.""","5-pocket jeans in stretch denim. Regular waist, zip fly with button, and straight legs with good room for movement over thighs and knees.",$29.99
0811993028,https://www2.hm.com/en_us/productpage.0811993028.html,Regular Jeans,Denim blue,Regular fit,"Cotton 99%, Elastane 1%",0811993028,"The model is 185cm/6'1"" and wears a size 31/32",Recycled cotton 20%,"
			                        ""FOR CHILD’S SAFETY, GARMENT SHOULD FIT SNUGLY. THIS GARMENT IS NOT FLAME RESISTANT. LOOSE-FITTING GARMENT IS MORE LIKELY TO CATCH FIRE.""","5-pocket jeans in stretch denim. Regular waist, zip fly with button, and straight legs with good room for movement over thighs and knees.",$29.99
0974202001,https://www2.hm.com/en_us/productpage.0974202001.html,Regular Denim Joggers,Light denim blue,Regular fit,Cotton 100%,0974202001,"The model is 187cm/6'2"" and wears a size M",Recycled cotton 20%,,"Joggers in stretch cotton denim. Regular waist, waistband with drawstring and covered elastic, and mock fly. Side pockets and an open back pocket. Straight legs with good room for movement over thighs and knees. Covered elastic at hems.",$29.99
0974202003,https://www2.hm.com/en_us/productpage.0974202003.html,Regular Denim Joggers,Black,Regular fit,Cotton 100%,0974202003,"The model is 187cm/6'2"" and wears a size M",Recycled cotton 20%,,"Joggers in stretch cotton denim. Regular waist, waistband with drawstring and covered elastic, and mock fly. Side pockets and an open back pocket. Straight legs with good room for movement over thighs and knees. Covered elastic at hems.",$29.99
0974202002,https://www2.hm.com/en_us/productpage.0974202002.html,Regular Denim Joggers,Denim blue,Regular fit,Cotton 100%,0974202002,,Recycled cotton 20%,,"Joggers in stretch cotton denim. Regular waist, waistband with drawstring and covered elastic, and mock fly. Side pockets and an open back pocket. Straight legs with good room for movement over thighs and knees. Covered elastic at hems.",$29.99
0927964001,https://www2.hm.com/en_us/productpage.0927964001.html,Regular Tapered Crop Jeans,Denim blue,Regular fit,"Pocket lining: Polyester 65%, Cotton 35%",0927964001,,Recycled cotton 20%,,"5-pocket, ankle-length jeans in washed cotton denim. Regular waist, zip fly with button, and gently tapered legs with good room for movement over thighs and knees.",$19.99
0927964003,https://www2.hm.com/en_us/productpage.0927964003.html,Regular Tapered Crop Jeans,Dark gray,Regular fit,"Pocket lining: Polyester 65%, Cotton 35%",0927964003,,,,"5-pocket, ankle-length jeans in washed cotton denim. Regular waist, zip fly with button, and gently tapered legs with good room for movement over thighs and knees.",$19.99
0927964004,https://www2.hm.com/en_us/productpage.0927964004.html,Regular Tapered Crop Jeans,Steel blue,Regular fit,"Pocket lining: Polyester 65%, Cotton 35%",0927964004,,Recycled cotton 20%,,"5-pocket, ankle-length jeans in washed cotton denim. Regular waist, zip fly with button, and gently tapered legs with good room for movement over thighs and knees.",$19.99
0927964005,https://www2.hm.com/en_us/productpage.0927964005.html,Regular Tapered Crop Jeans,White,Regular fit,Cotton 100%,0927964005,,Recycled cotton 20%,,"5-pocket, ankle-length jeans in washed cotton denim. Regular waist, zip fly with button, and gently tapered legs with good room for movement over thighs and knees.",$19.99
0927964002,https://www2.hm.com/en_us/productpage.0927964002.html,Regular Tapered Crop Jeans,Light denim blue,Regular fit,Shell: Cotton 100%,0927964002,,Recycled cotton 20%,,"5-pocket, ankle-length jeans in washed cotton denim. Regular waist, zip fly with button, and gently tapered legs with good room for movement over thighs and knees.",$19.99
0751994001,https://www2.hm.com/en_us/productpage.0751994001.html,Slim Jeans,Dark gray,Slim fit,"Cotton 99%, Elastane 1%",0751994001,,,,"5-pocket jeans in washed denim with a regular waist, zip fly, and slim legs.",$29.99
0751994003,https://www2.hm.com/en_us/productpage.0751994003.html,Slim Jeans,Light denim blue,Slim fit,"Cotton 98%, Elastane 2%",0751994003,,,,"5-pocket jeans in washed denim with a regular waist, zip fly, and slim legs.",$29.99
0751994004,https://www2.hm.com/en_us/productpage.0751994004.html,Slim Jeans,Dark denim blue,Slim fit,"Cotton 98%, Elastane 2%",0751994004,,,,"5-pocket jeans in washed denim with a regular waist, zip fly, and slim legs.",$29.99
0751994005,https://www2.hm.com/en_us/productpage.0751994005.html,Slim Jeans,Dark blue,Slim fit,"Cotton 98%, Elastane 2%",0751994005,,,,"5-pocket jeans in washed denim with a regular waist, zip fly, and slim legs.",$29.99
0751994006,https://www2.hm.com/en_us/productpage.0751994006.html,Slim Jeans,Denim blue,Slim fit,"Cotton 98%, Elastane 2%",0751994006,,,,"5-pocket jeans in washed denim with a regular waist, zip fly, and slim legs.",$29.99
0751994007,https://www2.hm.com/en_us/productpage.0751994007.html,Slim Jeans,Black/washed out,Slim fit,"Cotton 98%, Elastane 2%",0751994007,,,,"5-pocket jeans in washed denim with a regular waist, zip fly, and slim legs.",$29.99
0751994009,https://www2.hm.com/en_us/productpage.0751994009.html,Slim Jeans,Dark blue denim,Slim fit,"Cotton 98%, Elastane 2%",0751994009,,,,"5-pocket jeans in washed denim with a regular waist, zip fly, and slim legs.",$29.99
0751994010,https://www2.hm.com/en_us/productpage.0751994010.html,Slim Jeans,Dark gray,Slim fit,"Cotton 98%, Elastane 2%",0751994010,,,,"5-pocket jeans in washed denim with a regular waist, zip fly, and slim legs.",$29.99
0751994014,https://www2.hm.com/en_us/productpage.0751994014.html,Slim Jeans,Light gray,Slim fit,"Cotton 98%, Elastane 2%",0751994014,,,,"5-pocket jeans in washed denim with a regular waist, zip fly, and slim legs.",$29.99
0751994016,https://www2.hm.com/en_us/productpage.0751994016.html,Slim Jeans,Dark blue,Slim fit,"Cotton 98%, Elastane 2%",0751994016,,,,"5-pocket jeans in washed denim with a regular waist, zip fly, and slim legs.",$29.99
0751994017,https://www2.hm.com/en_us/productpage.0751994017.html,Slim Jeans,Dark denim blue,Slim fit,"Cotton 98%, Elastane 2%",0751994017,,,,"5-pocket jeans in washed denim with a regular waist, zip fly, and slim legs.",$29.99
0751994024,https://www2.hm.com/en_us/productpage.0751994024.html,Slim Jeans,Black denim,Slim fit,"Cotton 98%, Elastane 2%",0751994024,"The model is 187cm/6'2"" and wears a size 31/32",,,"5-pocket jeans in washed denim with a regular waist, zip fly, and slim legs.",$29.99
0751994031,https://www2.hm.com/en_us/productpage.0751994031.html,Slim Jeans,Light blue,Slim fit,"Cotton 99%, Elastane 1%",0751994031,"The model is 187cm/6'2"" and wears a size 31/32",,,"5-pocket jeans in washed denim with a regular waist, zip fly, and slim legs.",$29.99
0751994034,https://www2.hm.com/en_us/productpage.0751994034.html,Slim Jeans,Dark blue,Slim fit,"Cotton 99%, Elastane 1%",0751994034,"The model is 189cm/6'2"" and wears a size 32/32",Recycled cotton 20%,,"5-pocket jeans in washed denim with a regular waist, zip fly, and slim legs.",$29.99
0751994018,https://www2.hm.com/en_us/productpage.0751994018.html,Slim Jeans,Denim blue,Slim fit,"Cotton 98%, Elastane 2%",0751994018,,,,"5-pocket jeans in washed denim with a regular waist, zip fly, and slim legs.",$29.99
0875105001,https://www2.hm.com/en_us/productpage.0875105001.html,Relaxed Jeans,Denim blue,Relaxed fit,Cotton 100%,0875105001,,Recycled cotton 20%,,"5-pocket jeans in washed cotton denim. Regular waist, zip fly with button, and straight, wide legs. Cotton content is partly recycled.",$29.99
0875105002,https://www2.hm.com/en_us/productpage.0875105002.html,Relaxed Jeans,Black,Relaxed fit,Cotton 100%,0875105002,"The model is 187cm/6'2"" and wears a size 32/32",Recycled cotton 20%,,"5-pocket jeans in washed cotton denim. Regular waist, zip fly with button, and straight, wide legs. Cotton content is partly recycled.",$29.99
0875105009,https://www2.hm.com/en_us/productpage.0875105009.html,Relaxed Jeans,Dark denim blue,Relaxed fit,"Pocket lining: Polyester 65%, Cotton 35%",0875105009,,Recycled cotton 20%,,"5-pocket jeans in washed cotton denim. Regular waist, zip fly with button, and straight, wide legs. Cotton content is partly recycled.",$29.99
0875105011,https://www2.hm.com/en_us/productpage.0875105011.html,Relaxed Jeans,Light denim blue,Relaxed fit,"Pocket lining: Polyester 65%, Cotton 35%",0875105011,,Recycled cotton 20%,,"5-pocket jeans in washed cotton denim. Regular waist, zip fly with button, and straight, wide legs. Cotton content is partly recycled.",$29.99
0875105015,https://www2.hm.com/en_us/productpage.0875105015.html,Relaxed Jeans,Light denim blue,Relaxed fit,Cotton 100%,0875105015,,Recycled cotton 20%,,"5-pocket jeans in washed cotton denim. Regular waist, zip fly with button, and straight, wide legs. Cotton content is partly recycled.",$29.99
0875105003,https://www2.hm.com/en_us/productpage.0875105003.html,Relaxed Jeans,Light denim blue,Relaxed fit,Cotton 100%,0875105003,"The model is 187cm/6'2"" and wears a size 31/32",Recycled cotton 20%,,"5-pocket jeans in washed cotton denim. Regular waist, zip fly with button, and straight, wide legs. Cotton content is partly recycled.",$29.99
0993887001,https://www2.hm.com/en_us/productpage.0993887001.html,Hybrid Regular Denim Joggers,Denim blue,Regular fit,"Cotton 77%, Polyester 21%, Elastane 2%",0993887001,,Recycled polyester 21%,,"5-pocket joggers in cotton-blend stretch denim. Regular waist and waistband with concealed drawstring, elastic at back, and zip fly with button. Straight legs with good room for movement over thighs and knees. Made using Lycra® Hybrid Technology for exceptional softness and comfort without compromising the authentic denim look.",$39.99
0993887004,https://www2.hm.com/en_us/productpage.0993887004.html,Hybrid Regular Denim Joggers,Black,Regular fit,"Cotton 79%, Polyester 20%, Elastane 1%",0993887004,,Recycled polyester 20%,,"5-pocket joggers in cotton-blend stretch denim. Regular waist and waistband with concealed drawstring, elastic at back, and zip fly with button. Straight legs with good room for movement over thighs and knees. Made using Lycra® Hybrid Technology for exceptional softness and comfort without compromising the authentic denim look.",$39.99
0993887002,https://www2.hm.com/en_us/productpage.0993887002.html,Hybrid Regular Denim Joggers,Denim blue,Regular fit,"Cotton 77%, Polyester 21%, Elastane 2%",0993887002,"The model is 189cm/6'2"" and wears a size 32/32",Recycled polyester 21%,,"5-pocket joggers in cotton-blend stretch denim. Regular waist and waistband with concealed drawstring, elastic at back, and zip fly with button. Straight legs with good room for movement over thighs and knees. Made using Lycra® Hybrid Technology for exceptional softness and comfort without compromising the authentic denim look.",$39.99
0985159002,https://www2.hm.com/en_us/productpage.0985159002.html,Skinny Jeans,Denim blue,Skinny fit,Pocket lining: Cotton 100%,0985159002,"The model is 187cm/6'2"" and wears a size 31/32",Recycled cotton 20%,,"5-pocket jeans in stretch cotton denim. Regular waist, zip fly with button, and skinny legs.",$19.99
0985159003,https://www2.hm.com/en_us/productpage.0985159003.html,Skinny Jeans,Dark gray,Skinny fit,"Pocket lining: Polyester 63%, Cotton 37%",0985159003,,Recycled cotton 20%,,"5-pocket jeans in stretch cotton denim. Regular waist, zip fly with button, and skinny legs.",$19.99
0985159004,https://www2.hm.com/en_us/productpage.0985159004.html,Skinny Jeans,Light denim blue,Skinny fit,"Shell: Cotton 99%, Elastane 1%",0985159004,,Recycled cotton 20%,,"5-pocket jeans in stretch cotton denim. Regular waist, zip fly with button, and skinny legs.",$19.99
0985159005,https://www2.hm.com/en_us/productpage.0985159005.html,Skinny Jeans,Dark blue,Skinny fit,"Shell: Cotton 99%, Elastane 1%",0985159005,"The model is 187cm/6'2"" and wears a size 32/32",Recycled cotton 20%,,"5-pocket jeans in stretch cotton denim. Regular waist, zip fly with button, and skinny legs.",$19.99
0985159006,https://www2.hm.com/en_us/productpage.0985159006.html,Skinny Jeans,Dark denim blue,Skinny fit,"Pocket lining: Polyester 65%, Cotton 35%",0985159006,"The model is 187cm/6'2"" and wears a size 32/32",Recycled cotton 20%,,"5-pocket jeans in stretch cotton denim. Regular waist, zip fly with button, and skinny legs.",$19.99
0985159001,https://www2.hm.com/en_us/productpage.0985159001.html,Skinny Jeans,Black,Skinny fit,"Shell: Cotton 99%, Elastane 1%",0985159001,"The model is 187cm/6'2"" and wears a size 31/32",Recycled cotton 20%,,"5-pocket jeans in stretch cotton denim. Regular waist, zip fly with button, and skinny legs.",$19.99
0427159001,https://www2.hm.com/en_us/productpage.0427159001.html,Trashed Skinny Jeans,Black denim,Skinny fit,"Cotton 91%, Polyester 7%, Elastane 2%",0427159001,,,,"5-pocket jeans in washed stretch denim. Heavily distressed details, regular waist, and button fly. Skinny legs.",$39.99
0427159002,https://www2.hm.com/en_us/productpage.0427159002.html,Trashed Skinny Jeans,Blue washed out,Skinny fit,"Cotton 93%, Polyester 6%, Elastane 1%",0427159002,,,,"5-pocket jeans in washed stretch denim. Heavily distressed details, regular waist, and button fly. Skinny legs.",$39.99
0427159003,https://www2.hm.com/en_us/productpage.0427159003.html,Trashed Skinny Jeans,Denim blue,Skinny fit,"Cotton 93%, Polyester 6%, Elastane 1%",0427159003,,,,"5-pocket jeans in washed stretch denim. Heavily distressed details, regular waist, and button fly. Skinny legs.",$39.99
0427159004,https://www2.hm.com/en_us/productpage.0427159004.html,Trashed Skinny Jeans,Light denim blue,Skinny fit,"Cotton 99%, Elastane 1%",0427159004,,,,"5-pocket jeans in washed stretch denim. Heavily distressed details, regular waist, and button fly. Skinny legs.",$39.99
0427159005,https://www2.hm.com/en_us/productpage.0427159005.html,Trashed Skinny Jeans,Dark denim blue,Skinny fit,"Cotton 72%, Polyester 20%, Modal 7%, Elastane 1%",0427159005,,,,"5-pocket jeans in washed stretch denim. Heavily distressed details, regular waist, and button fly. Skinny legs.",$39.99
0427159007,https://www2.hm.com/en_us/productpage.0427159007.html,Trashed Skinny Jeans,Black washed out,Skinny fit,"Cotton 91%, Polyester 7%, Elastane 2%",0427159007,,,,"5-pocket jeans in washed stretch denim. Heavily distressed details, regular waist, and button fly. Skinny legs.",$39.99
0427159008,https://www2.hm.com/en_us/productpage.0427159008.html,Trashed Skinny Jeans,Denim blue,Skinny fit,"Cotton 98%, Elastane 2%",0427159008,,,,"5-pocket jeans in washed stretch denim. Heavily distressed details, regular waist, and button fly. Skinny legs.",$39.99
0427159010,https://www2.hm.com/en_us/productpage.0427159010.html,Trashed Skinny Jeans,White denim,Skinny fit,"Cotton 99%, Elastane 1%",0427159010,,,,"5-pocket jeans in washed stretch denim. Heavily distressed details, regular waist, and button fly. Skinny legs.",$39.99
0427159011,https://www2.hm.com/en_us/productpage.0427159011.html,Trashed Skinny Jeans,Light blue washed out,Skinny fit,"Cotton 93%, Polyester 6%, Elastane 1%",0427159011,,,,"5-pocket jeans in washed stretch denim. Heavily distressed details, regular waist, and button fly. Skinny legs.",$39.99
0427159017,https://www2.hm.com/en_us/productpage.0427159017.html,Trashed Skinny Jeans,Super light denim blue,Skinny fit,Cotton 100%,0427159017,,,,"5-pocket jeans in washed stretch denim. Heavily distressed details, regular waist, and button fly. Skinny legs.",$39.99
0427159022,https://www2.hm.com/en_us/productpage.0427159022.html,Trashed Skinny Jeans,Black/trashed,Skinny fit,"Cotton 93%, Polyester 6%, Elastane 1%",0427159022,,,,"5-pocket jeans in washed stretch denim. Heavily distressed details, regular waist, and button fly. Skinny legs.",$39.99
0427159023,https://www2.hm.com/en_us/productpage.0427159023.html,Trashed Skinny Jeans,Light denim blue,Skinny fit,"Cotton 93%, Polyester 6%, Elastane 1%",0427159023,,,,"5-pocket jeans in washed stretch denim. Heavily distressed details, regular waist, and button fly. Skinny legs.",$39.99
0427159025,https://www2.hm.com/en_us/productpage.0427159025.html,Trashed Skinny Jeans,Denim blue/bleached,Skinny fit,"Cotton 93%, Polyester 6%, Elastane 1%",0427159025,,,,"5-pocket jeans in washed stretch denim. Heavily distressed details, regular waist, and button fly. Skinny legs.",$39.99
0427159027,https://www2.hm.com/en_us/productpage.0427159027.html,Trashed Skinny Jeans,Black/bleached,Skinny fit,"Cotton 93%, Polyester 6%, Elastane 1%",0427159027,,,,"5-pocket jeans in washed stretch denim. Heavily distressed details, regular waist, and button fly. Skinny legs.",$39.99
0427159006,https://www2.hm.com/en_us/productpage.0427159006.html,Trashed Skinny Jeans,Light denim blue,Skinny fit,"Cotton 93%, Polyester 6%, Elastane 1%",0427159006,"The model is 184cm/6'0"" and wears a size 31/32",,,"5-pocket jeans in washed stretch denim. Heavily distressed details, regular waist, and button fly. Skinny legs.",$39.99
0974597001,https://www2.hm.com/en_us/productpage.0974597001.html,Slim Tapered Jeans,Denim blue,Slim fit,"Shell: Cotton 99%, Elastane 1%",0974597001,"The model is 186cm/6'1"" and wears a size 31/32",Recycled cotton 20%,,"5-pocket jeans in stretch cotton denim. Regular waist, zip fly with button, and slim, gently tapered legs.",$29.99
0974597002,https://www2.hm.com/en_us/productpage.0974597002.html,Slim Tapered Jeans,Denim blue,Slim fit,"Shell: Cotton 99%, Elastane 1%",0974597002,,Recycled cotton 20%,,"5-pocket jeans in stretch cotton denim. Regular waist, zip fly with button, and slim, gently tapered legs.",$29.99
0974597003,https://www2.hm.com/en_us/productpage.0974597003.html,Slim Tapered Jeans,Black,Slim fit,"Pocket lining: Polyester 65%, Cotton 35%",0974597003,,Recycled cotton 21%,,"5-pocket jeans in stretch cotton denim. Regular waist, zip fly with button, and slim, gently tapered legs.",$29.99
0974597006,https://www2.hm.com/en_us/productpage.0974597006.html,Slim Tapered Jeans,Dark gray,Slim fit,"Shell: Cotton 98%, Elastane 2%",0974597006,,Recycled cotton 20%,,"5-pocket jeans in stretch cotton denim. Regular waist, zip fly with button, and slim, gently tapered legs.",$29.99
0974597005,https://www2.hm.com/en_us/productpage.0974597005.html,Slim Tapered Jeans,Light denim blue,Slim fit,Pocket lining: Cotton 100%,0974597005,"The model is 187cm/6'2"" and wears a size 32/32",Recycled cotton 20%,,"5-pocket jeans in stretch cotton denim. Regular waist, zip fly with button, and slim, gently tapered legs.",$29.99
1004199002,https://www2.hm.com/en_us/productpage.1004199002.html,Skinny Cropped Jeans,Black,Skinny fit,"Cotton 99%, Elastane 1%",1004199002,"The model is 187cm/6'2"" and wears a size 32",Recycled cotton 20%,,"5-pocket crop jeans in stretch cotton denim. Regular waist, zip fly with button, and skinny legs.",$29.99
1004199003,https://www2.hm.com/en_us/productpage.1004199003.html,Skinny Cropped Jeans,Denim blue,Skinny fit,"Pocket lining: Polyester 65%, Cotton 35%",1004199003,,Recycled cotton 20%,,"5-pocket crop jeans in stretch cotton denim. Regular waist, zip fly with button, and skinny legs.",$29.99
1004199001,https://www2.hm.com/en_us/productpage.1004199001.html,Skinny Cropped Jeans,Light denim blue,Skinny fit,"Cotton 99%, Elastane 1%",1004199001,,Recycled cotton 20%,,"5-pocket crop jeans in stretch cotton denim. Regular waist, zip fly with button, and skinny legs.",$29.99
0730863002,https://www2.hm.com/en_us/productpage.0730863002.html,Skinny Jeans,Denim blue washed out,Skinny fit,"Cotton 98%, Elastane 2%",0730863002,,,,"5-pocket jeans in stretch denim with a regular waist, zip fly with button, and skinny legs.",$29.99
0730863003,https://www2.hm.com/en_us/productpage.0730863003.html,Skinny Jeans,Black/washed out,Skinny fit,"Cotton 98%, Elastane 2%",0730863003,,,,"5-pocket jeans in stretch denim with a regular waist, zip fly with button, and skinny legs.",$29.99
0730863004,https://www2.hm.com/en_us/productpage.0730863004.html,Skinny Jeans,Dark denim blue,Skinny fit,"Cotton 98%, Elastane 2%",0730863004,,,,"5-pocket jeans in stretch denim with a regular waist, zip fly with button, and skinny legs.",$29.99
0730863005,https://www2.hm.com/en_us/productpage.0730863005.html,Skinny Jeans,Light denim blue,Skinny fit,"Cotton 99%, Elastane 1%",0730863005,,,,"5-pocket jeans in stretch denim with a regular waist, zip fly with button, and skinny legs.",$29.99
0730863007,https://www2.hm.com/en_us/productpage.0730863007.html,Skinny Jeans,Denim blue,Skinny fit,"Cotton 98%, Elastane 2%",0730863007,,,,"5-pocket jeans in stretch denim with a regular waist, zip fly with button, and skinny legs.",$29.99
0730863008,https://www2.hm.com/en_us/productpage.0730863008.html,Skinny Jeans,Light gray,Skinny fit,"Cotton 98%, Elastane 2%",0730863008,,,,"5-pocket jeans in stretch denim with a regular waist, zip fly with button, and skinny legs.",$29.99
0730863009,https://www2.hm.com/en_us/productpage.0730863009.html,Skinny Jeans,Dark blue,Skinny fit,"Cotton 98%, Elastane 2%",0730863009,,,,"5-pocket jeans in stretch denim with a regular waist, zip fly with button, and skinny legs.",$29.99
0730863010,https://www2.hm.com/en_us/productpage.0730863010.html,Skinny Jeans,Denim blue,Skinny fit,"Cotton 98%, Elastane 2%",0730863010,,,,"5-pocket jeans in stretch denim with a regular waist, zip fly with button, and skinny legs.",$29.99
0730863011,https://www2.hm.com/en_us/productpage.0730863011.html,Skinny Jeans,White,Skinny fit,"Cotton 98%, Elastane 2%",0730863011,,,,"5-pocket jeans in stretch denim with a regular waist, zip fly with button, and skinny legs.",$29.99
0730863012,https://www2.hm.com/en_us/productpage.0730863012.html,Skinny Jeans,Denim blue,Skinny fit,"Cotton 98%, Elastane 2%",0730863012,,,,"5-pocket jeans in stretch denim with a regular waist, zip fly with button, and skinny legs.",$29.99
0730863014,https://www2.hm.com/en_us/productpage.0730863014.html,Skinny Jeans,Gray denim,Skinny fit,"Cotton 98%, Elastane 2%",0730863014,,,,"5-pocket jeans in stretch denim with a regular waist, zip fly with button, and skinny legs.",$29.99
0730863017,https://www2.hm.com/en_us/productpage.0730863017.html,Skinny Jeans,Light denim blue,Skinny fit,"Cotton 98%, Elastane 2%",0730863017,,,,"5-pocket jeans in stretch denim with a regular waist, zip fly with button, and skinny legs.",$29.99
0730863018,https://www2.hm.com/en_us/productpage.0730863018.html,Skinny Jeans,Black washed-out,Skinny fit,"Cotton 98%, Elastane 2%",0730863018,,,,"5-pocket jeans in stretch denim with a regular waist, zip fly with button, and skinny legs.",$29.99
0730863027,https://www2.hm.com/en_us/productpage.0730863027.html,Skinny Jeans,Black/washed out,Skinny fit,"Cotton 98%, Elastane 2%",0730863027,,,,"5-pocket jeans in stretch denim with a regular waist, zip fly with button, and skinny legs.",$29.99
0730863038,https://www2.hm.com/en_us/productpage.0730863038.html,Skinny Jeans,Denim blue,Skinny fit,"Cotton 98%, Elastane 2%",0730863038,,,,"5-pocket jeans in stretch denim with a regular waist, zip fly with button, and skinny legs.",$29.99
0730863039,https://www2.hm.com/en_us/productpage.0730863039.html,Skinny Jeans,Blue,Skinny fit,"Cotton 98%, Elastane 2%",0730863039,,,,"5-pocket jeans in stretch denim with a regular waist, zip fly with button, and skinny legs.",$29.99
0730863040,https://www2.hm.com/en_us/productpage.0730863040.html,Skinny Jeans,Denim blue,Skinny fit,"Cotton 98%, Elastane 2%",0730863040,,,,"5-pocket jeans in stretch denim with a regular waist, zip fly with button, and skinny legs.",$29.99
0730863043,https://www2.hm.com/en_us/productpage.0730863043.html,Skinny Jeans,Graphite gray,Skinny fit,"Cotton 98%, Elastane 2%",0730863043,,Recycled cotton 20%,,"5-pocket jeans in stretch denim with a regular waist, zip fly with button, and skinny legs.",$29.99
0730863033,https://www2.hm.com/en_us/productpage.0730863033.html,Skinny Jeans,Black/No fade black,Skinny fit,"Cotton 98%, Elastane 2%",0730863033,,,,"5-pocket jeans in stretch denim with a regular waist, zip fly with button, and skinny legs.",$29.99
0814631001,https://www2.hm.com/en_us/productpage.0814631001.html,Freefit® Slim Jeans,Dark denim blue,Slim fit,"Cotton 90%, Elasterell-P 8%, Elastane 2%",0814631001,,,,"5-pocket denim jeans with a regular waist, zip fly with button, and slim legs. Made with Lycra® Freefit® technology for soft, super-generous stretch, maximum freedom of movement, and optimal comfort.",$49.99
0814631002,https://www2.hm.com/en_us/productpage.0814631002.html,Freefit® Slim Jeans,Light denim blue,Slim fit,"Cotton 90%, Elasterell-P 8%, Elastane 2%",0814631002,,,,"5-pocket denim jeans with a regular waist, zip fly with button, and slim legs. Made with Lycra® Freefit® technology for soft, super-generous stretch, maximum freedom of movement, and optimal comfort.",$49.99
0814631003,https://www2.hm.com/en_us/productpage.0814631003.html,Freefit® Slim Jeans,Dark gray,Slim fit,"Cotton 90%, Elasterell-P 8%, Elastane 2%",0814631003,,,,"5-pocket denim jeans with a regular waist, zip fly with button, and slim legs. Made with Lycra® Freefit® technology for soft, super-generous stretch, maximum freedom of movement, and optimal comfort.",$49.99
0814631004,https://www2.hm.com/en_us/productpage.0814631004.html,Freefit® Slim Jeans,Pale denim blue,Slim fit,"Cotton 90%, Elasterell-P 8%, Elastane 2%",0814631004,,,,"5-pocket denim jeans with a regular waist, zip fly with button, and slim legs. Made with Lycra® Freefit® technology for soft, super-generous stretch, maximum freedom of movement, and optimal comfort.",$49.99
0814631005,https://www2.hm.com/en_us/productpage.0814631005.html,Freefit® Slim Jeans,Light gray,Slim fit,"Cotton 90%, Elasterell-P 8%, Elastane 2%",0814631005,,,,"5-pocket denim jeans with a regular waist, zip fly with button, and slim legs. Made with Lycra® Freefit® technology for soft, super-generous stretch, maximum freedom of movement, and optimal comfort.",$49.99
0814631007,https://www2.hm.com/en_us/productpage.0814631007.html,Freefit® Slim Jeans,Dark blue,Slim fit,"Cotton 90%, Elasterell-P 8%, Elastane 2%",0814631007,,,,"5-pocket denim jeans with a regular waist, zip fly with button, and slim legs. Made with Lycra® Freefit® technology for soft, super-generous stretch, maximum freedom of movement, and optimal comfort.",$49.99
0814631012,https://www2.hm.com/en_us/productpage.0814631012.html,Freefit® Slim Jeans,White,Slim fit,"Cotton 90%, Elasterell-P 8%, Elastane 2%",0814631012,,,,"5-pocket denim jeans with a regular waist, zip fly with button, and slim legs. Made with Lycra® Freefit® technology for soft, super-generous stretch, maximum freedom of movement, and optimal comfort.",$49.99
0814631014,https://www2.hm.com/en_us/productpage.0814631014.html,Freefit® Slim Jeans,Gray,Slim fit,"Cotton 90%, Elasterell-P 8%, Elastane 2%",0814631014,,,,"5-pocket denim jeans with a regular waist, zip fly with button, and slim legs. Made with Lycra® Freefit® technology for soft, super-generous stretch, maximum freedom of movement, and optimal comfort.",$49.99
0814631018,https://www2.hm.com/en_us/productpage.0814631018.html,Freefit® Slim Jeans,Dark denim blue,Slim fit,"Cotton 90%, Elasterell-P 8%, Elastane 2%",0814631018,,,,"5-pocket denim jeans with a regular waist, zip fly with button, and slim legs. Made with Lycra® Freefit® technology for soft, super-generous stretch, maximum freedom of movement, and optimal comfort.",$49.99
0814631006,https://www2.hm.com/en_us/productpage.0814631006.html,Freefit® Slim Jeans,Black/No fade black,Slim fit,"Cotton 90%, Elasterell-P 8%, Elastane 2%",0814631006,,,,"5-pocket denim jeans with a regular waist, zip fly with button, and slim legs. Made with Lycra® Freefit® technology for soft, super-generous stretch, maximum freedom of movement, and optimal comfort.",$49.99
1008549001,https://www2.hm.com/en_us/productpage.1008549001.html,Regular Jeans,Light denim blue,Regular fit,"Shell: Cotton 98%, Elastane 2%",1008549001,"The model is 189cm/6'2"" and wears a size 32/32",Recycled cotton 20%,,"5-pocket jeans in stretch cotton denim. Regular waist, zip fly with button, and straight legs with good room for movement over thighs and knees.",$19.99
1008549002,https://www2.hm.com/en_us/productpage.1008549002.html,Regular Jeans,Denim blue,Regular fit,"Pocket lining: Polyester 65%, Cotton 35%",1008549002,"The model is 183cm/6'0"" and wears a size 32/32",Recycled cotton 20%,,"5-pocket jeans in stretch cotton denim. Regular waist, zip fly with button, and straight legs with good room for movement over thighs and knees.",$19.99
1008549004,https://www2.hm.com/en_us/productpage.1008549004.html,Regular Jeans,Dark blue,Regular fit,"Shell: Cotton 99%, Elastane 1%",1008549004,"The model is 189cm/6'2"" and wears a size 32/32",Recycled cotton 20%,,"5-pocket jeans in stretch cotton denim. Regular waist, zip fly with button, and straight legs with good room for movement over thighs and knees.",$19.99
1008549006,https://www2.hm.com/en_us/productpage.1008549006.html,Regular Jeans,Black,Regular fit,Pocket: Cotton 100%,1008549006,,Recycled cotton 20%,,"5-pocket jeans in stretch cotton denim. Regular waist, zip fly with button, and straight legs with good room for movement over thighs and knees.",$19.99
0986779003,https://www2.hm.com/en_us/productpage.0986779003.html,Relaxed Tapered Pull-on Jeans,Black,Relaxed fit,Shell: Cotton 100%,0986779003,,Recycled cotton 20%,,"Ankle-length, 5-pocket jeans in thick cotton denim. Regular waist, waistband with covered elastic at back, and zip fly with button. Wide, tapered legs.",$29.99
0986779004,https://www2.hm.com/en_us/productpage.0986779004.html,Relaxed Tapered Pull-on Jeans,Dark denim blue,Relaxed fit,"Pocket lining: Polyester 65%, Cotton 35%",0986779004,,Recycled cotton 20%,,"Ankle-length, 5-pocket jeans in thick cotton denim. Regular waist, waistband with covered elastic at back, and zip fly with button. Wide, tapered legs.",$29.99
0986779005,https://www2.hm.com/en_us/productpage.0986779005.html,Relaxed Tapered Pull-on Jeans,Denim blue,Relaxed fit,Shell: Cotton 100%,0986779005,,Recycled cotton 20%,,"Ankle-length, 5-pocket jeans in thick cotton denim. Regular waist, waistband with covered elastic at back, and zip fly with button. Wide, tapered legs.",$29.99
0986779002,https://www2.hm.com/en_us/productpage.0986779002.html,Relaxed Tapered Pull-on Jeans,Denim blue,Relaxed fit,"Pocket lining: Polyester 65%, Cotton 35%",0986779002,,Recycled cotton 20%,,"Ankle-length, 5-pocket jeans in thick cotton denim. Regular waist, waistband with covered elastic at back, and zip fly with button. Wide, tapered legs.",$29.99
0720504001,https://www2.hm.com/en_us/productpage.0720504001.html,Skinny Jeans,Black,Skinny fit,Pocket lining: Polyester 100%,0720504001,,,,"5-pocket jeans in washed stretch denim with a regular waist, zip fly with button, and skinny legs.",$24.99
0720504002,https://www2.hm.com/en_us/productpage.0720504002.html,Skinny Jeans,Dark denim blue,Skinny fit,"Cotton 90%, Polyester 8%, Elastane 2%",0720504002,,,,"5-pocket jeans in washed stretch denim with a regular waist, zip fly with button, and skinny legs.",$24.99
0720504003,https://www2.hm.com/en_us/productpage.0720504003.html,Skinny Jeans,Denim blue,Skinny fit,Pocket lining: Cotton 100%,0720504003,,,,"5-pocket jeans in washed stretch denim with a regular waist, zip fly with button, and skinny legs.",$24.99
0720504004,https://www2.hm.com/en_us/productpage.0720504004.html,Skinny Jeans,Light denim blue,Skinny fit,"Cotton 85%, Polyester 14%, Elastane 1%",0720504004,,,,"5-pocket jeans in washed stretch denim with a regular waist, zip fly with button, and skinny legs.",$24.99
0720504005,https://www2.hm.com/en_us/productpage.0720504005.html,Skinny Jeans,Light gray,Skinny fit,Pocket lining: Cotton 100%,0720504005,,,,"5-pocket jeans in washed stretch denim with a regular waist, zip fly with button, and skinny legs.",$24.99
0720504007,https://www2.hm.com/en_us/productpage.0720504007.html,Skinny Jeans,Midnight blue,Skinny fit,Pocket lining: Cotton 100%,0720504007,,,,"5-pocket jeans in washed stretch denim with a regular waist, zip fly with button, and skinny legs.",$24.99
0720504008,https://www2.hm.com/en_us/productpage.0720504008.html,Skinny Jeans,Dark gray,Skinny fit,"Cotton 73%, Polyester 26%, Elastane 1%",0720504008,,,,"5-pocket jeans in washed stretch denim with a regular waist, zip fly with button, and skinny legs.",$24.99
0720504011,https://www2.hm.com/en_us/productpage.0720504011.html,Skinny Jeans,Dark blue,Skinny fit,"Pocket lining: Polyester 65%, Cotton 35%",0720504011,,,,"5-pocket jeans in washed stretch denim with a regular waist, zip fly with button, and skinny legs.",$24.99
0720504013,https://www2.hm.com/en_us/productpage.0720504013.html,Skinny Jeans,Light blue,Skinny fit,"Shell: Cotton 88%, Polyester 11%, Elastane 1%",0720504013,,,,"5-pocket jeans in washed stretch denim with a regular waist, zip fly with button, and skinny legs.",$24.99
0720504010,https://www2.hm.com/en_us/productpage.0720504010.html,Skinny Jeans,Denim blue,Skinny fit,"Cotton 90%, Polyester 8%, Elastane 2%",0720504010,,,,"5-pocket jeans in washed stretch denim with a regular waist, zip fly with button, and skinny legs.",$24.99
0753512001,https://www2.hm.com/en_us/productpage.0753512001.html,Skinny No Fade Black Jeans,Black/No fade black,Skinny fit,"Cotton 99%, Elastane 1%",0753512001,,,,"5-pocket jeans in organic stretch denim dyed multiple times for improved post-wash color preservation. Regular waist, zip fly, and skinny legs.",$29.99
0868115001,https://www2.hm.com/en_us/productpage.0868115001.html,Skinny Cropped Jeans,Black,Skinny fit,"Cotton 73%, Polyester 26%, Elastane 1%",0868115001,,,,"5-pocket jeans in washed stretch denim with distressed details. Regular waist, zip fly with button, and slightly shorter, skinny legs.",$29.99
0868115002,https://www2.hm.com/en_us/productpage.0868115002.html,Skinny Cropped Jeans,Light denim blue,Skinny fit,"Cotton 98%, Elastane 2%",0868115002,,,,"5-pocket jeans in washed stretch denim with distressed details. Regular waist, zip fly with button, and slightly shorter, skinny legs.",$29.99
0868115003,https://www2.hm.com/en_us/productpage.0868115003.html,Skinny Cropped Jeans,Light denim blue,Skinny fit,"Cotton 98%, Elastane 2%",0868115003,,,,"5-pocket jeans in washed stretch denim with distressed details. Regular waist, zip fly with button, and slightly shorter, skinny legs.",$29.99
0868115004,https://www2.hm.com/en_us/productpage.0868115004.html,Skinny Cropped Jeans,Denim blue,Skinny fit,"Shell: Cotton 89%, Polyester 10%, Elastane 1%",0868115004,,,,"5-pocket jeans in washed stretch denim with distressed details. Regular waist, zip fly with button, and slightly shorter, skinny legs.",$29.99
0868115005,https://www2.hm.com/en_us/productpage.0868115005.html,Skinny Cropped Jeans,Light denim blue,Skinny fit,Pocket lining: Cotton 100%,0868115005,,,,"5-pocket jeans in washed stretch denim with distressed details. Regular waist, zip fly with button, and slightly shorter, skinny legs.",$29.99
0868115006,https://www2.hm.com/en_us/productpage.0868115006.html,Skinny Cropped Jeans,White,Skinny fit,"Shell: Cotton 99%, Elastane 1%",0868115006,,,,"5-pocket jeans in washed stretch denim with distressed details. Regular waist, zip fly with button, and slightly shorter, skinny legs.",$29.99
0868115007,https://www2.hm.com/en_us/productpage.0868115007.html,Skinny Cropped Jeans,Light blue,Skinny fit,"Pocket lining: Polyester 65%, Cotton 35%",0868115007,"The model is 187cm/6'2"" and wears a size 31",,,"5-pocket jeans in washed stretch denim with distressed details. Regular waist, zip fly with button, and slightly shorter, skinny legs.",$29.99
1018704001,https://www2.hm.com/en_us/productpage.1018704001.html,Relaxed Pull-on Jeans,Light denim blue,Relaxed fit,Shell: Cotton 100%,1018704001,"The model is 188cm/6'2"" and wears a size M",Recycled cotton 20%,,"5-pocket jeans in thick cotton denim. Regular waist, waistband with covered elastic, concealed drawstring, and mock fly. Straight, wide legs.",$24.99
1018704003,https://www2.hm.com/en_us/productpage.1018704003.html,Relaxed Pull-on Jeans,Black,Relaxed fit,"Pocket lining: Polyester 65%, Cotton 35%",1018704003,,Recycled cotton 20%,,"5-pocket jeans in thick cotton denim. Regular waist, waistband with covered elastic, concealed drawstring, and mock fly. Straight, wide legs.",$24.99
1018704002,https://www2.hm.com/en_us/productpage.1018704002.html,Relaxed Pull-on Jeans,Denim blue,Relaxed fit,Shell: Cotton 100%,1018704002,,Recycled cotton 20%,,"5-pocket jeans in thick cotton denim. Regular waist, waistband with covered elastic, concealed drawstring, and mock fly. Straight, wide legs.",$24.99
0636207002,https://www2.hm.com/en_us/productpage.0636207002.html,Slim Jeans,Dark gray denim,Slim fit,"Cotton 66%, Polyester 28%, Viscose 5%, Elastane 1%",0636207002,,,,"5-pocket jeans in washed denim with a regular waist, zip fly, and slim legs.",$19.99
0636207004,https://www2.hm.com/en_us/productpage.0636207004.html,Slim Jeans,Denim blue,Slim fit,"Cotton 88%, Polyester 10%, Elastane 2%",0636207004,,,,"5-pocket jeans in washed denim with a regular waist, zip fly, and slim legs.",$19.99
0636207005,https://www2.hm.com/en_us/productpage.0636207005.html,Slim Jeans,Gray,Slim fit,Pocket lining: Cotton 100%,0636207005,,,,"5-pocket jeans in washed denim with a regular waist, zip fly, and slim legs.",$19.99
0636207006,https://www2.hm.com/en_us/productpage.0636207006.html,Slim Jeans,Black,Slim fit,"Cotton 98%, Elastane 2%",0636207006,,,,"5-pocket jeans in washed denim with a regular waist, zip fly, and slim legs.",$19.99
0636207010,https://www2.hm.com/en_us/productpage.0636207010.html,Slim Jeans,Light denim blue,Slim fit,"Cotton 88%, Polyester 10%, Elastane 2%",0636207010,,,,"5-pocket jeans in washed denim with a regular waist, zip fly, and slim legs.",$19.99
0636207011,https://www2.hm.com/en_us/productpage.0636207011.html,Slim Jeans,Midnight blue,Slim fit,"Pocket lining: Polyester 65%, Cotton 35%",0636207011,,,,"5-pocket jeans in washed denim with a regular waist, zip fly, and slim legs.",$19.99
0636207014,https://www2.hm.com/en_us/productpage.0636207014.html,Slim Jeans,Dark gray,Slim fit,"Cotton 99%, Elastane 1%",0636207014,,,,"5-pocket jeans in washed denim with a regular waist, zip fly, and slim legs.",$19.99
0636207015,https://www2.hm.com/en_us/productpage.0636207015.html,Slim Jeans,Denim blue,Slim fit,"Cotton 89%, Polyester 10%, Elastane 1%",0636207015,,,,"5-pocket jeans in washed denim with a regular waist, zip fly, and slim legs.",$19.99
0636207017,https://www2.hm.com/en_us/productpage.0636207017.html,Slim Jeans,White,Slim fit,"Cotton 88%, Polyester 10%, Elastane 2%",0636207017,,,,"5-pocket jeans in washed denim with a regular waist, zip fly, and slim legs.",$19.99
0636207019,https://www2.hm.com/en_us/productpage.0636207019.html,Slim Jeans,Pale denim blue,Slim fit,Pocket lining: Cotton 100%,0636207019,,,,"5-pocket jeans in washed denim with a regular waist, zip fly, and slim legs.",$19.99
0636207001,https://www2.hm.com/en_us/productpage.0636207001.html,Slim Jeans,Dark denim blue,Slim fit,"Cotton 89%, Polyester 10%, Elastane 1%",0636207001,,,,"5-pocket jeans in washed denim with a regular waist, zip fly, and slim legs.",$19.99
0952016001,https://www2.hm.com/en_us/productpage.0952016001.html,Hybrid Regular Tapered Joggers,Denim blue,Regular fit,"Cotton 77%, Polyester 21%, Elastane 2%",0952016001,,,,5-pocket joggers in stretch denim with a regular waist. Drawstring waistband with covered elastic and zip fly with button. Gently tapered legs with good room for movement over thighs and knees. Covered elastic at hems. Made using Lycra® Hybrid Technology for exceptional softness and comfort without compromising the authentic denim look. Made partly from recycled cotton.,$39.99
0952016002,https://www2.hm.com/en_us/productpage.0952016002.html,Hybrid Regular Tapered Joggers,Black,Regular fit,"Cotton 79%, Polyester 20%, Elastane 1%",0952016002,,,,5-pocket joggers in stretch denim with a regular waist. Drawstring waistband with covered elastic and zip fly with button. Gently tapered legs with good room for movement over thighs and knees. Covered elastic at hems. Made using Lycra® Hybrid Technology for exceptional softness and comfort without compromising the authentic denim look. Made partly from recycled cotton.,$39.99
0952016003,https://www2.hm.com/en_us/productpage.0952016003.html,Hybrid Regular Tapered Joggers,Light denim blue,Regular fit,"Cotton 77%, Polyester 21%, Elastane 2%",0952016003,,,,5-pocket joggers in stretch denim with a regular waist. Drawstring waistband with covered elastic and zip fly with button. Gently tapered legs with good room for movement over thighs and knees. Covered elastic at hems. Made using Lycra® Hybrid Technology for exceptional softness and comfort without compromising the authentic denim look. Made partly from recycled cotton.,$39.99
0931747002,https://www2.hm.com/en_us/productpage.0931747002.html,Regular Tapered Jeans,Light denim blue,Regular fit,"Cotton 99%, Elastane 1%",0931747002,,Recycled cotton 20%,,"5-pocket jeans in washed, stretch cotton denim. Regular waist, zip fly with button, and gently tapered legs with good room for movement over thighs and knees. Made partly from recycled cotton.",$29.99
0931747003,https://www2.hm.com/en_us/productpage.0931747003.html,Regular Tapered Jeans,Denim blue,Regular fit,"Cotton 99%, Elastane 1%",0931747003,,Recycled cotton 20%,,"5-pocket jeans in washed, stretch cotton denim. Regular waist, zip fly with button, and gently tapered legs with good room for movement over thighs and knees. Made partly from recycled cotton.",$29.99
0865734001,https://www2.hm.com/en_us/productpage.0865734001.html,Relaxed Tapered Pull-on Jeans,Light denim blue,Relaxed fit,Cotton 100%,0865734001,,,,"Ankle-length, 5-pocket jeans in thick cotton denim. Regular waist, waistband with covered elastic at back, and zip fly with button. Wide, tapered legs.",$22.99
0865734002,https://www2.hm.com/en_us/productpage.0865734002.html,Relaxed Tapered Pull-on Jeans,Denim blue,Relaxed fit,Cotton 100%,0865734002,,Recycled cotton 20%,,"Ankle-length, 5-pocket jeans in thick cotton denim. Regular waist, waistband with covered elastic at back, and zip fly with button. Wide, tapered legs.",$22.99
0865734006,https://www2.hm.com/en_us/productpage.0865734006.html,Relaxed Tapered Pull-on Jeans,Gray,Relaxed fit,Cotton 100%,0865734006,,,,"Ankle-length, 5-pocket jeans in thick cotton denim. Regular waist, waistband with covered elastic at back, and zip fly with button. Wide, tapered legs.",$22.99
0865734007,https://www2.hm.com/en_us/productpage.0865734007.html,Relaxed Tapered Pull-on Jeans,Pale denim blue,Relaxed fit,Cotton 100%,0865734007,,Recycled cotton 20%,,"Ankle-length, 5-pocket jeans in thick cotton denim. Regular waist, waistband with covered elastic at back, and zip fly with button. Wide, tapered legs.",$22.99
0865734005,https://www2.hm.com/en_us/productpage.0865734005.html,Relaxed Tapered Pull-on Jeans,Light denim blue,Relaxed fit,Cotton 100%,0865734005,,Recycled cotton 20%,,"Ankle-length, 5-pocket jeans in thick cotton denim. Regular waist, waistband with covered elastic at back, and zip fly with button. Wide, tapered legs.",$22.99
